custom_pal3_1<-c(
  "1-1" = "#e2c586", 
  "2-1" = "#9db5a3", 
  "3-1" = "#00a4b9", 
  "1-2" = "#ea8259", 
  "2-2" = "#a3786c", 
  "3-2" = "#006d7b", 
  "1-3" = "#f00000", 
  "2-3" = "#a70000", 
  "3-3" = "#000000")

custom_pal3_2 <- c(
  "1-1" = "#f3f3f3", 
  "2-1" = "#b4d3e1", 
  "3-1" = "#509dc2" , 
  "1-2" = "#f3e6b3" , 
  "2-2" = "#b3b3b3" , 
  "3-2" = "#376387" , 
  "1-3" = "#f3b300" , 
  "2-3" = "#b36600" , 
  "3-3" = "#000000")

custom_pal3_3 <- c(
  "1-1" = "#dddddd", 
  "2-1" = "#7bb3d1", 
  "3-1" = "#016eae" , 
  "1-2" = "#dd7c8a" , 
  "2-2" = "#8d6c8f" , 
  "3-2" = "#4a4779" , 
  "1-3" = "#cc0024" , 
  "2-3" = "#8a274a" , 
  "3-3" = "#4b264d")

custom_pal4_1 <- c(
  "1-1" = "#f9f7fa", 
  "2-1" = "#f2e8b8",  
  "3-1" = "#efce6f",  
  "4-1" = "#f1981c",  
  "1-2" = "#cde0f5",  
  "2-2" = "#b9b9ba",  
  "3-2" = "#d5ba87",  
  "4-2" = "#c58b2a",  
  "1-3" = "#97c9eb",  
  "2-3" = "#94b5da",  
  "3-3" = "#7e7d83",  
  "4-3" = "#85652e",  
  "1-4" = "#5c9bd6",  
  "2-4" = "#3b6b8c",  
  "3-4" = "#1b425c",  
  "4-4" = "#000000")

custom_pal4 <- c(
  "1-1" = "#e2c586", 
  "2-1" = "#b5b69b",  
  "3-1" = "#7da8ab",  
  "4-1" = "#0099b9",  
  "1-2" = "#e89a69",  
  "2-2" = "#b98e79",  
  "3-2" = "#808386",  
  "4-2" = "#007791",  
  "1-3" = "#ec6947",  
  "2-3" = "#bd6152",  
  "3-3" = "#83595b",  
  "4-3" = "#005162",  
  "1-4" = "#f00006",  
  "2-4" = "#c00007",  
  "3-4" = "#850007",  
  "4-4" = "#000008")

custom_pal5_1 <- c(
  "1-1" = "#d3d3d3", # low x, low y
  "2-1" = "#b6cdcd",
  "3-1" = "#97c5c5",
  "4-1" = "#75bebe",
  "5-1" = "#52b6b6", # high x, low y
  "1-2" = "#cab6c5",
  "2-2" = "#aeb0bf",
  "3-2" = "#91aab9",
  "4-2" = "#70a4b2",
  "5-2" = "#4e9daa",
  "1-3" = "#c098b9",
  "2-3" = "#a593b3",
  "3-3" = "#898ead",
  "4-3" = "#6b89a6",
  "5-3" = "#4a839f",
  "1-4" = "#b77aab",
  "2-4" = "#9e76a6",
  "3-4" = "#8372a0",
  "4-4" = "#666e9a",
  "5-4" = "#476993",
  "1-5" = "#ad5b9c", # low x, high y
  "2-5" = "#955898",
  "3-5" = "#7c5592",
  "4-5" = "#60528d",
  "5-5" = "#434e87" # high x, high y
)

custom_pal5_2 <- c(
  "1-1" = "#FDF5EB", # low x, low y
  "2-1" = "#FFD3A7",
  "3-1" = "#FE945C",
  "4-1" = "#DD3B24",
  "5-1" = "#88002D", # high x, low y
  "1-2" = "#48C2B4",
  "2-2" = "#549191",
  "3-2" = "#60616E",
  "4-2" = "#6C314B",
  "5-2" = "#780128",
  "1-3" = "#007FA8",
  "2-3" = "#195F86",
  "3-3" = "#344065",
  "4-3" = "#4E2144",
  "5-3" = "#680223",
  "1-4" = "#423460",
  "2-4" = "#47274F",
  "3-4" = "#4D1B3E",
  "4-4" = "#520F2E",
  "5-4" = "#58031E",
  "1-5" = "#070707", # low x, high y
  "2-5" = "#17060B",
  "3-5" = "#270510",
  "4-5" = "#370415",
  "5-5" = "#48041A" # high x, high y
)

custom_pal5_3 <- c(
  "#e2c586", "#c0b996", "#9aafa3", "#6ca4af", "#0099b9", "#dca36f", "#bb997c", "#969087", "#6a8891", "#007e99", "#d87f57", "#b87861", "#94716a", "#686a71", "#006378", "#d5573c", "#b55243", "#914d49", "#66494e", "#004453", "#d1100f", "#b20f11", "#8f0e13", "#640d14", "#000c15"
)

custom_pal6<-c(
  "1-1" = "#e2c586", # low-low
  "2-1" = "#c8bf93", 
  "3-1" = "#acb89d", 
  "4-1" = "#8bb1a8", 
  "5-1" = "#63abb0", 
  "6-1" = "#00a4b9", 
  "1-2" = "#e6ab75", 
  "2-2" = "#cca680", 
  "3-2" = "#afa089", 
  "4-2" = "#8e9a92", 
  "5-2" = "#649599", 
  "6-2" = "#008fa1", 
  "1-3" = "#e89163", 
  "2-3" = "#ce8c6c", 
  "3-3" = "#b18774", 
  "4-3" = "#8f837b", 
  "5-3" = "#667e82", 
  "6-3" = "#007988", 
  "1-4" = "#eb734e", 
  "2-4" = "#d16f56", 
  "3-4" = "#b36b5c", 
  "4-4" = "#916862", 
  "5-4" = "#676467", 
  "6-4" = "#00606c", 
  "1-5" = "#ee4f36", 
  "2-5" = "#d34d3b", 
  "3-5" = "#b64a40", 
  "4-5" = "#934744", 
  "5-5" = "#684547", 
  "6-5" = "#00424b", 
  "1-6" = "#f00000", 
  "2-6" = "#d50000", 
  "3-6" = "#b70000", 
  "4-6" = "#940000", 
  "5-6" = "#690000", 
  "6-6" = "#000000")

custom_pal6_2<-c(
  "1-1" = "#e2c586",  # low-low
  "2-1" = "#c8bc93",  
  "3-1" = "#aab39e",  
  "4-1" = "#89aaa8",  
  "5-1" = "#60a2b1",  
  "6-1" = "#0099b9",  
  "1-2" = "#deaa74",  
  "2-2" = "#c4a27f",  
  "3-2" = "#a89a89",  
  "4-2" = "#879391",  
  "5-2" = "#5e8b99",  
  "6-2" = "#0084a0",  
  "1-3" = "#d98e61",  
  "2-3" = "#c0886b",  
  "3-3" = "#a48273",  
  "4-3" = "#847b79",  
  "5-3" = "#5c7580",  
  "6-3" = "#006f86",  
  "1-4" = "#d7704d",  
  "2-4" = "#be6b54",  
  "3-4" = "#a2665b",  
  "4-4" = "#836160",  
  "5-4" = "#5b5c65",  
  "6-4" = "#00576a",  
  "1-5" = "#d44d36",  
  "2-5" = "#bb4a3b",  
  "3-5" = "#a0463f",  
  "4-5" = "#814343",  
  "5-5" = "#5a3f47",  
  "6-5" = "#003c4a",  
  "1-6" = "#d1100f",  
  "2-6" = "#b90f11",  
  "3-6" = "#9e0e12",  
  "4-6" = "#7f0e13",  
  "5-6" = "#590d14",  
  "6-6" = "#000c15")




































