custom_pal3<-c(
  "1-1" = "#e2c586", 
  "2-1" = "#9db5a3", 
  "3-1" = "#00a4b9", 
  "1-2" = "#ea8259", 
  "2-2" = "#a3786c", 
  "3-2" = "#006d7b", 
  "1-3" = "#f00000", 
  "2-3" = "#a70000", 
  "3-3" = "#000000")

custom_pal5_1 <- c(
  "1-1" = "#d3d3d3", # low x, low y
  "2-1" = "#b6cdcd",
  "3-1" = "#97c5c5",
  "4-1" = "#75bebe",
  "5-1" = "#52b6b6", # high x, low y
  "1-2" = "#cab6c5",
  "2-2" = "#aeb0bf",
  "3-2" = "#91aab9",
  "4-2" = "#70a4b2",
  "5-2" = "#4e9daa",
  "1-3" = "#c098b9",
  "2-3" = "#a593b3",
  "3-3" = "#898ead",
  "4-3" = "#6b89a6",
  "5-3" = "#4a839f",
  "1-4" = "#b77aab",
  "2-4" = "#9e76a6",
  "3-4" = "#8372a0",
  "4-4" = "#666e9a",
  "5-4" = "#476993",
  "1-5" = "#ad5b9c", # low x, high y
  "2-5" = "#955898",
  "3-5" = "#7c5592",
  "4-5" = "#60528d",
  "5-5" = "#434e87" # high x, high y
)

custom_pal5_2 <- c(
  "1-1" = "#FDF5EB", # low x, low y
  "2-1" = "#FFD3A7",
  "3-1" = "#FE945C",
  "4-1" = "#DD3B24",
  "5-1" = "#88002D", # high x, low y
  "1-2" = "#48C2B4",
  "2-2" = "#549191",
  "3-2" = "#60616E",
  "4-2" = "#6C314B",
  "5-2" = "#780128",
  "1-3" = "#007FA8",
  "2-3" = "#195F86",
  "3-3" = "#344065",
  "4-3" = "#4E2144",
  "5-3" = "#680223",
  "1-4" = "#423460",
  "2-4" = "#47274F",
  "3-4" = "#4D1B3E",
  "4-4" = "#520F2E",
  "5-4" = "#58031E",
  "1-5" = "#070707", # low x, high y
  "2-5" = "#17060B",
  "3-5" = "#270510",
  "4-5" = "#370415",
  "5-5" = "#48041A" # high x, high y
)

"#FDF5EB"
"#FFD3A7"
"#FE945C"
"#DD3B24"
"#88002D"
"#C1DBEC"
"#AFA6BE"
"#9E7190"
"#8D3C62"
"#7C0735"
"#7FABD3"
"#7B83AD"
"#775C88"
"#733563"
"#700E3E"
"#3573B9"
"#405B9C"
"#4C447F"
"#582C62"
"#641546"
"#273871"
"#333068"
"#3F2A60"
"#4B2357"
"#581C4F"

custom_pal6<-c(
  "1-1" = "#e2c586", # low-low
  "2-1" = "#c8bf93", 
  "3-1" = "#acb89d", 
  "4-1" = "#8bb1a8", 
  "5-1" = "#63abb0", 
  "6-1" = "#00a4b9", 
  "1-2" = "#e6ab75", 
  "2-2" = "#cca680", 
  "3-2" = "#afa089", 
  "4-2" = "#8e9a92", 
  "5-2" = "#649599", 
  "6-2" = "#008fa1", 
  "1-3" = "#e89163", 
  "2-3" = "#ce8c6c", 
  "3-3" = "#b18774", 
  "4-3" = "#8f837b", 
  "5-3" = "#667e82", 
  "6-3" = "#007988", 
  "1-4" = "#eb734e", 
  "2-4" = "#d16f56", 
  "3-4" = "#b36b5c", 
  "4-4" = "#916862", 
  "5-4" = "#676467", 
  "6-4" = "#00606c", 
  "1-5" = "#ee4f36", 
  "2-5" = "#d34d3b", 
  "3-5" = "#b64a40", 
  "4-5" = "#934744", 
  "5-5" = "#684547", 
  "6-5" = "#00424b", 
  "1-6" = "#f00000", 
  "2-6" = "#d50000", 
  "3-6" = "#b70000", 
  "4-6" = "#940000", 
  "5-6" = "#690000", 
  "6-6" = "#000000")